858742.0000 1538.000000
543548.0000 1561.000000
52736748.0000 1189.000000
33828712.0000 1309.000000
47330672.0000 244.000000
1186661.0000 703.000000
3526831.0000 1174.000000
27100132.0000 71.000000
17830176.0000 201.000000
81236976.0000 209.000000
422783.0000 1067.000000
12668000.0000 515.000000
9602886.0000 166.000000
2104271.0000 1540.000000
6425.0000 1106.000000
1662549.0000 886.000000
345505.0000 635.000000
2356953.0000 182.000000
1658171.0000 1216.000000
3769019.0000 232.000000
22432520.0000 539.000000
26697.0000 1321.000000
1062094.0000 265.000000
34914.0000 1399.000000
297000.0000 1460.000000
90071640.0000 249.000000
9147492.0000 334.000000
1815627.0000 1126.000000
22425830.0000 287.000000
72126008.0000 70.000000
2880830.0000 197.000000
4121916.0000 704.000000
656118.0000 1523.000000
10673375.0000 255.000000
721390.0000 1531.000000
1011827.0000 223.000000
69745312.0000 131.000000
4322902.0000 498.000000
846267.0000 1145.000000
81516256.0000 128.000000
271930.0000 391.000000
6005970.0000 1315.000000
9101137.0000 685.000000
2798001.0000 1357.000000
435344.0000 426.000000
84873448.0000 79.000000
340352.0000 87.000000
54678348.0000 98.000000
4791923.0000 159.000000
45761216.0000 1393.000000
15364538.0000 271.000000
113228256.0000 258.000000
7993421.0000 1503.000000
1966674.0000 1475.000000
15102639.0000 446.000000
123783.0000 1517.000000
981908.0000 1392.000000
563861.0000 639.000000
147209.0000 754.000000
636598.0000 1474.000000
20504.0000 1384.000000
12340265.0000 261.000000
1081104.0000 1210.000000
29343820.0000 465.000000
14315644.0000 493.000000
15100000.0000 317.000000
34234228.0000 547.000000
11161900.0000 646.000000
2105800.0000 1295.000000
308817.0000 1391.000000
8000082.0000 409.000000
63503.0000 143.000000
1450153.0000 625.000000
20496988.0000 128.000000
3053452.0000 642.000000
2832925.0000 1630.000000
13661591.0000 132.000000
202859248.0000 179.000000
825202.0000 220.000000
248912.0000 1307.000000
4532615.0000 1225.000000
3020801.0000 543.000000
6231422.0000 87.000000
47983504.0000 130.000000
3260375.0000 50.000000
162277.0000 911.000000
4422015.0000 632.000000
1394759.0000 764.000000
481850.0000 524.000000
1644630.0000 865.000000
7551399.0000 476.000000
8334343.0000 379.000000
18257076.0000 1002.000000
904123.0000 1167.000000
867025.0000 456.000000
12888629.0000 58.000000
573939.0000 1359.000000
6953793.0000 916.000000
688050.0000 280.000000
80392.0000 1099.000000
1356320.0000 512.000000
5197481.0000 457.000000
3622065.0000 928.000000
1636637.0000 1540.000000
20411780.0000 377.000000
53522576.0000 492.000000
10138732.0000 706.000000
9393.0000 303.000000
11644950.0000 1315.000000
1121811.0000 1076.000000
589575.0000 1000.000000
858742.0000 1538.000000
5547813.0000 582.000000
353549.0000 415.000000
543548.0000 1561.000000
2698921.0000 691.000000
52736748.0000 1189.000000
76017.0000 582.000000
33828712.0000 1309.000000
47330672.0000 244.000000
1186661.0000 703.000000
1666501.0000 768.000000
3526831.0000 1174.000000
28661944.0000 601.000000
27100132.0000 71.000000
3418200.0000 516.000000
17830176.0000 201.000000
4265962.0000 706.000000
15274734.0000 508.000000
81236976.0000 209.000000
422783.0000 1067.000000
12668000.0000 515.000000
22210510.0000 487.000000
125239088.0000 183.000000
9602886.0000 166.000000
2104271.0000 1540.000000
6425.0000 1106.000000
12399431.0000 643.000000
1662549.0000 886.000000
2083595.0000 475.000000
345505.0000 635.000000
280130.0000 922.000000
49761900.0000 515.000000
2787955.0000 529.000000
2356953.0000 182.000000
1658171.0000 1216.000000
64087592.0000 311.000000
3769019.0000 232.000000
29402300.0000 739.000000
6019393.0000 374.000000
22432520.0000 539.000000
772942.0000 433.000000
18449100.0000 316.000000
497640.0000 491.000000
2556909.0000 652.000000
48563.0000 844.000000
26697.0000 1321.000000
12373066.0000 96.000000
1062094.0000 265.000000
46695388.0000 638.000000
4416665.0000 545.000000
34914.0000 1399.000000
297000.0000 1460.000000
2724453.0000 244.000000
90071640.0000 249.000000
232430.0000 687.000000
9147492.0000 334.000000
1815627.0000 1126.000000
22425830.0000 287.000000
72126008.0000 70.000000
44780144.0000 132.000000
2880830.0000 197.000000
8188227.0000 161.000000
4121916.0000 704.000000
656118.0000 1523.000000
10673375.0000 255.000000
9345806.0000 728.000000
17377896.0000 510.000000
721390.0000 1531.000000
1011827.0000 223.000000
6353138.0000 361.000000
69745312.0000 131.000000
8994027.0000 491.000000
4322902.0000 498.000000
846267.0000 1145.000000
16588560.0000 607.000000
25307252.0000 309.000000
30507734.0000 321.000000
492572.0000 385.000000
81516256.0000 128.000000
271930.0000 391.000000
6005970.0000 1315.000000
9101137.0000 685.000000
2798001.0000 1357.000000
44532752.0000 652.000000
435344.0000 426.000000
14060263.0000 636.000000
13818597.0000 293.000000
84873448.0000 79.000000
3437.0000 349.000000
9599301.0000 342.000000
250172.0000 946.000000
13617951.0000 524.000000
761919.0000 257.000000
340352.0000 87.000000
6322434.0000 527.000000
54678348.0000 98.000000
4791923.0000 159.000000
45761216.0000 1393.000000
36025860.0000 965.000000
33503940.0000 24.000000
8293067.0000 439.000000
82647504.0000 213.000000
872143.0000 412.000000
15364538.0000 271.000000
35836392.0000 151.000000
113228256.0000 258.000000
7993421.0000 1503.000000
1966674.0000 1475.000000
30868748.0000 232.000000
4524032.0000 164.000000
1239626.0000 76.000000
15102639.0000 446.000000
123783.0000 1517.000000
981908.0000 1392.000000
42073888.0000 969.000000
299766.0000 963.000000
70151.0000 192.000000
625059.0000 754.000000
563861.0000 639.000000
147209.0000 754.000000
996708.0000 104.000000
636598.0000 1474.000000
611507.0000 759.000000
20504.0000 1384.000000
186921.0000 405.000000
22510894.0000 303.000000
15442372.0000 298.000000
7629094.0000 120.000000
4044935.0000 723.000000
26440360.0000 182.000000
3167698.0000 100.000000
40727660.0000 134.000000
36994140.0000 327.000000
3459652.0000 316.000000
12340265.0000 261.000000
866751.0000 340.000000
1081104.0000 1210.000000
29343820.0000 465.000000
14315644.0000 493.000000
15100000.0000 317.000000
34234228.0000 547.000000
4297813.0000 301.000000
12511521.0000 573.000000
11161900.0000 646.000000
11846209.0000 858.000000
6583332.0000 193.000000
2105800.0000 1295.000000
17346068.0000 632.000000
3602619.0000 858.000000
47646076.0000 573.000000
11415137.0000 896.000000
308817.0000 1391.000000
8000082.0000 409.000000
1610711.0000 749.000000
63503.0000 143.000000
1450153.0000 625.000000
72341736.0000 581.000000
519562.0000 907.000000
30930064.0000 799.000000
20496988.0000 128.000000
706938.0000 454.000000
141659.0000 154.000000
3053452.0000 642.000000
2832925.0000 1630.000000
2637306.0000 818.000000
8535107.0000 166.000000
13661591.0000 132.000000
13341408.0000 113.000000
3961274.0000 441.000000
1548602.0000 448.000000
75610008.0000 588.000000
202859248.0000 179.000000
24547218.0000 267.000000
825202.0000 220.000000
248912.0000 1307.000000
6363207.0000 992.000000
1218977.0000 177.000000
5530522.0000 567.000000
4532615.0000 1225.000000
7209561.0000 316.000000
2230715.0000 485.000000
598353.0000 288.000000
3020801.0000 543.000000
6231422.0000 87.000000
47983504.0000 130.000000
3260375.0000 50.000000
162277.0000 911.000000
7479700.0000 375.000000
3100807.0000 470.000000
4422015.0000 632.000000
2475577.0000 897.000000
1394759.0000 764.000000
622256.0000 923.000000
92585.0000 202.000000
108089.0000 195.000000
15115955.0000 694.000000
3879402.0000 756.000000
65226592.0000 618.000000
13495935.0000 714.000000
20471.0000 810.000000
2106708.0000 659.000000
481850.0000 524.000000
1644630.0000 865.000000
29816158.0000 321.000000
32629608.0000 825.000000
7551399.0000 476.000000
1344586.0000 211.000000
705488.0000 997.000000
20542908.0000 173.000000
30029216.0000 921.000000
8334343.0000 379.000000
18257076.0000 1002.000000
904123.0000 1167.000000
867025.0000 456.000000
67979472.0000 33.000000
12888629.0000 58.000000
50318888.0000 555.000000
11441075.0000 818.000000
24672.0000 39.000000
237278.0000 300.000000
573939.0000 1359.000000
6953793.0000 916.000000
40612724.0000 196.000000
688050.0000 280.000000
80392.0000 1099.000000
1356320.0000 512.000000
190194.0000 903.000000
1353104.0000 756.000000
5197481.0000 457.000000
3622065.0000 928.000000
1636637.0000 1540.000000
17595148.0000 291.000000
18224060.0000 742.000000
32809.0000 421.000000
939330.0000 575.000000
20411780.0000 377.000000
12005134.0000 568.000000
53522576.0000 492.000000
276761.0000 689.000000
765106.0000 1015.000000
1655902.0000 273.000000
9013070.0000 312.000000
10138732.0000 706.000000
10557081.0000 559.000000
11363508.0000 65.000000
9393.0000 303.000000
34111016.0000 315.000000
64084424.0000 109.000000
11644950.0000 1315.000000
1322811.0000 288.000000
1121811.0000 1076.000000
617989.0000 873.000000
589575.0000 1000.000000
